 6.86400542e-01 8.41655602e-01
 1.89140291e-01 5.52165983e-01
 1.54916268e-01 4.31511901e-01
 5.05977969e-01 6.14161166e-01
 9.64953177e-01 9.44213873e-01
 4.59008089e-01 5.78547896e-01
 2.99055576e-01 3.91313779e-01
 1.82610179e-01 7.61787418e-01
 8.13551466e-01 4.32803990e-01
 8.63427857e-01 6.99397371e-01
 8.29517667e-01 8.30734651e-01
 6.90742495e-01 7.79303686e-01
 1.03764619e-01 1.22780970e-02
 4.00227407e-01 5.80073793e-02
 4.93135129e-01 6.72016729e-03
 9.35720461e-02 4.11715071e-01
 6.92716254e-01 6.61565549e-02
 2.49564467e-01 4.42941704e-01
 5.29149381e-01 1.11173562e-01
 3.67921100e-03 9.22917539e-01
