 3.23357208e-01 8.87834908e-01
 1.24480315e-01 9.25357971e-01
 2.76129605e-01 1.38563016e-02
 3.44122675e-01 1.02916090e-01
 4.86046687e-01 7.62224046e-01
 7.26481351e-01 5.19471468e-01
 9.24986709e-01 9.31919051e-01
 7.37119506e-01 9.13976815e-01
 6.26952008e-01 3.43239220e-01
 9.81097588e-01 7.07306733e-01
 3.52371035e-01 2.86235488e-01
 8.79342541e-01 6.05208278e-01
 5.72043894e-01 5.09232766e-01
 3.38608737e-01 7.19025965e-03
 6.52766542e-01 4.79057668e-01
 3.20920950e-01 2.33169253e-01
 6.31902944e-01 1.09961512e-01
 1.01887683e-01 2.25763802e-01
 5.80651928e-01 3.40470125e-01
 1.40933899e-02 8.69712175e-01
 2.86253874e-01 5.01957131e-01
 1.44880362e-01 6.97628858e-01
 6.65946460e-01 7.00112042e-02
 9.45367412e-01 7.74426463e-01
 3.39711462e-02 3.71858325e-01
 2.36008527e-01 6.83663286e-01
 6.80600509e-01 8.72695476e-01
 4.23243479e-01 7.96023049e-01
 4.82919171e-01 8.74901129e-01
 9.75008106e-01 3.73118927e-01
 3.18797119e-01 1.42544133e-01
 1.12113866e-01 3.76211088e-01
 1.57415180e-01 3.33935157e-01
 6.98005589e-02 6.66846710e-01
 6.57014094e-01 1.89585454e-01
 9.42411933e-02 5.85220259e-01
 5.92029868e-01 6.53382475e-01
 6.95927435e-01 6.04610242e-02
 3.47380226e-01 6.56765582e-01
 1.87772559e-01 4.08600770e-01
 1.37198378e-01 9.78502451e-01
 8.86228785e-01 8.68724673e-01
 6.54232129e-01 6.62721090e-01
 6.60561344e-01 1.92551395e-01
 1.47449226e-01 8.77652284e-01
 1.68906987e-01 9.40720597e-02
 3.94308120e-01 4.27776703e-01
 6.53071221e-01 1.97067794e-01
 6.25598682e-01 9.55106166e-01
 6.90132415e-01 4.53933488e-01
 2.78570850e-01 7.02446840e-02
 2.40629795e-01 3.17978960e-01
 8.87057950e-01 3.12522567e-01
 2.25691812e-01 7.47316741e-01
 5.55262072e-01 9.00566082e-02
 8.28153829e-01 4.74763898e-01
 5.10072655e-01 2.36035294e-01
 7.31556330e-03 1.01349484e-01
 5.30825053e-01 9.00295148e-01
 9.54589046e-01 3.68607541e-01
 2.96274055e-01 6.32726156e-01
 8.17329044e-01 7.45343527e-01
 6.00461643e-01 2.10309726e-01
 2.01082894e-01 3.82823564e-01
 9.73724065e-02 5.77845190e-01
 4.76024944e-01 8.81315291e-01
 9.77220317e-02 5.19838503e-01
 4.23572063e-01 6.60384436e-01
 7.59004945e-01 5.32959401e-01
 4.43935934e-01 8.64478845e-01
 9.67235187e-01 2.66615503e-01
 4.08134144e-02 7.69903432e-01
 3.94628826e-01 5.30704240e-03
 3.78757068e-01 1.74189124e-01
 7.87519652e-01 9.39100938e-01
 2.45120867e-01 7.73399513e-02
 4.18186468e-01 7.46385818e-01
 5.43437520e-01 3.34866692e-01
 5.14974484e-01 1.57871322e-01
 3.77668229e-01 9.23466240e-01
 6.95882773e-01 8.42135232e-01
 2.56078549e-01 6.84942858e-01
 8.79421099e-02 7.16994602e-01
 1.32444062e-01 5.85187274e-01
 1.76783867e-01 6.42574595e-01
 8.24955641e-01 7.07247831e-02
 4.23512361e-01 8.63993925e-01
 4.79908755e-01 9.94229653e-01
 7.99035732e-01 9.92663840e-01
 9.56361415e-01 4.35778466e-03
 5.33924885e-01 4.03640973e-01
 5.91469242e-01 2.76357948e-01
 2.40606532e-01 4.63345883e-01
 8.70605562e-01 9.19022629e-01
 3.52068935e-01 3.43740241e-02
 5.96664237e-01 1.98121843e-01
 8.23529634e-01 3.45075939e-01
 4.85506090e-01 7.94256345e-01
 5.06312866e-01 9.26275596e-01
 7.87546726e-01 9.31801062e-01
 5.47530347e-01 4.84727857e-01
 6.15308712e-01 1.08800340e-01
 7.40263432e-01 5.96626866e-01
 2.17679345e-01 9.74280301e-01
 5.22633804e-01 1.16430852e-01
 7.81863000e-01 7.64080015e-01
 7.65658540e-01 8.92122345e-01
 9.72004402e-01 7.31704962e-01
 8.02319639e-01 3.28302449e-01
 8.95119773e-01 3.48488134e-01
 9.52753554e-01 1.10547728e-01
 2.17368373e-01 9.95610543e-01
 1.53043053e-01 7.19348997e-01
 1.45455544e-01 9.61519240e-01
 3.13032833e-01 1.16193487e-01
 1.67060173e-03 2.92819846e-01
 6.91875697e-01 9.10683861e-01
 9.76372387e-01 8.03117154e-01
 3.86033395e-02 5.08341790e-01
 4.92416012e-01 6.99653547e-01
 9.09559097e-01 7.16907809e-01
 8.80203216e-01 9.06999868e-01
 2.00672993e-01 2.57941726e-01
 3.22494793e-01 8.51730255e-01
 1.15462658e-01 4.26983930e-01
 5.32796788e-01 2.45915907e-01
 8.56950380e-01 1.95862145e-01
 5.35000357e-02 5.66745539e-01
 5.75804459e-01 6.87603008e-01
 7.75527613e-01 7.32734425e-01
 1.48350497e-01 1.30944451e-01
 2.44858450e-01 7.67557350e-01
 9.76673069e-01 2.34929641e-01
 1.56854352e-01 6.60470975e-01
 7.35741866e-01 8.13002079e-01
 1.63754682e-01 9.86717524e-01
 9.31442722e-01 6.45479996e-01
 9.07830161e-01 4.87258311e-01
 4.51477291e-01 3.34459203e-02
 3.70348515e-01 9.42677298e-01
 6.41099505e-01 1.24425593e-01
 4.65439297e-01 6.59131766e-01
 4.89328203e-02 5.05073173e-01
 8.48432585e-01 1.83689209e-01
 2.94483771e-01 4.63797376e-01
 4.12300243e-02 9.36057333e-01
 7.31153205e-01 5.20478615e-02
 3.90372431e-01 2.14394885e-01
 4.08031217e-01 6.86490180e-01
 2.59915131e-02 5.59473727e-01
 6.66346861e-01 4.96555483e-01
 1.27574495e-01 9.61913266e-01
 9.60177517e-01 9.14261349e-01
 3.43644057e-01 2.22139775e-01
 4.98505156e-01 7.99868740e-01
 7.90856062e-01 5.56399919e-01
 3.86697358e-01 3.58769588e-01
 1.71722885e-01 4.72901031e-01
 7.07035692e-01 1.15028868e-01
 6.07853614e-01 1.82442604e-01
 6.47435751e-01 6.42454195e-01
 8.00826046e-01 1.68508015e-01
 2.75511503e-01 4.90650664e-01
 6.40276415e-01 7.77368786e-01
 7.29750156e-01 4.71843148e-01
 8.77941343e-01 8.42012413e-01
 4.58181663e-01 6.96377003e-01
 6.80065563e-01 2.47484699e-01
 6.34993418e-01 9.73188927e-01
 1.04951644e-01 2.07889008e-01
 8.57963960e-01 8.84270242e-01
 7.48272440e-01 7.01260332e-01
 5.01041612e-02 8.94982063e-01
 6.41664184e-01 6.23072676e-01
 1.58312760e-02 8.95058037e-01
 9.55081425e-01 1.84994943e-01
 8.49764730e-01 7.77937241e-01
 7.60123832e-01 9.28787532e-01
 9.18296878e-03 8.54575144e-01
 2.46683857e-01 2.19211108e-01
 7.46856585e-01 2.91198754e-01
 8.94540899e-01 7.21767332e-01
 5.00912428e-01 7.33848168e-01
 4.82567796e-01 5.36528009e-01
 2.42846234e-01 4.87102379e-01
 9.02595267e-02 3.70048074e-01
 7.01586000e-01 1.41579259e-01
 5.12215276e-01 4.52434054e-01
 4.74546561e-01 6.41086758e-01
 2.24141636e-01 4.57215516e-01
 1.33207209e-02 9.67292990e-01
 2.03977895e-01 4.92549319e-01
 3.04834303e-01 2.58497177e-01
 8.33810168e-01 1.17462226e-01
 9.28870936e-01 3.99243371e-01
 5.66059442e-01 3.74232394e-01
 8.61574708e-01 1.84940734e-01
 1.79722455e-01 8.59693205e-01
 2.40272918e-01 7.66226925e-01
 8.28083986e-01 7.83859677e-01
 3.43107753e-01 4.31980125e-01
 2.45861377e-01 7.43829024e-02
 8.08520048e-01 2.70429114e-01
 8.16299278e-01 9.36881689e-01
 2.02745661e-02 1.37631954e-01
 3.59131951e-01 9.26999332e-01
 6.89686379e-01 9.15695872e-01
 2.25791207e-01 1.06704345e-01
 6.98813071e-02 7.86268729e-01
 5.01331261e-01 8.96870945e-02
 4.68138186e-01 3.64257604e-02
 2.77098956e-01 7.90961994e-01
 7.14796368e-01 4.24243735e-01
 1.72687776e-01 3.47990984e-01
 6.50520918e-02 4.77058150e-01
 8.72677798e-02 7.68289166e-01
 2.93235463e-01 3.26848871e-01
 3.80233339e-01 3.09581208e-01
 8.09307239e-01 2.61073179e-01
 1.06507324e-01 8.05080538e-02
 6.80292921e-01 8.03313418e-01
 2.58559146e-01 4.36138288e-01
 9.75578186e-01 8.94690977e-01
 2.25660720e-01 4.28707528e-01
 6.51300973e-01 5.98374077e-01
 1.09976160e-01 2.27743366e-01
 1.40714163e-01 1.57664808e-01
 8.24390895e-01 4.34009775e-01
 3.12348163e-01 3.98314548e-01
 9.05476299e-01 8.13498414e-01
 5.88443919e-02 8.83244333e-01
 9.76775329e-01 8.93786724e-01
 5.04334469e-01 5.23143736e-01
 3.35797129e-01 5.35664345e-01
 4.99673661e-01 3.02468237e-01
 2.00896406e-01 9.28700565e-01
 7.99788178e-01 2.96224108e-01
 2.00699403e-01 9.43805656e-02
 7.98294062e-01 5.48480521e-01
 4.51409948e-01 7.78014237e-01
 4.63019805e-01 5.41774328e-01
 1.62975457e-01 2.34576590e-01
 6.32034994e-01 8.04770681e-01
 1.16951450e-02 4.04382321e-01
 8.41455245e-01 6.80960107e-01
 4.86290162e-01 7.79700042e-01
 3.01704412e-01 7.54861876e-01
 7.92431023e-01 6.82551753e-01
 4.73493455e-01 4.31254592e-01
 1.27365094e-01 6.24887961e-01
 7.46445960e-01 3.79020688e-01
 5.36096087e-01 5.22146665e-02
 1.13322977e-01 5.09158498e-01
 3.06159764e-01 6.38751529e-01
 4.48328152e-01 8.82922502e-01
 8.36417056e-01 3.44894367e-01
 4.62380411e-01 3.19387379e-01
 2.65647057e-01 5.05910561e-01
 8.99343289e-02 2.31520052e-01
 8.00699444e-01 8.78505581e-01
 3.34234310e-02 1.46934255e-01
 6.88418890e-01 9.22463021e-01
 9.48135429e-01 5.76621274e-01
 6.10549122e-03 2.95538610e-01
 4.68472427e-01 4.98665408e-02
 9.42063161e-01 6.07462512e-01
 6.45495136e-01 2.14979498e-02
 2.15279832e-01 4.40007597e-01
 5.96533221e-01 8.43214801e-02
 6.16664598e-02 6.92535040e-01
 4.40742935e-01 2.07311082e-01
 5.04678874e-01 6.33657795e-01
 2.39674967e-01 4.82830995e-01
 9.15490692e-01 5.96677754e-01
 4.28758121e-01 6.95339499e-01
 3.97822734e-02 9.86496729e-01
 3.01270307e-02 1.66648305e-01
 1.34500418e-01 3.25634697e-02
 6.22529113e-01 8.63235893e-01
 8.29239236e-01 3.51762378e-01
 3.95273196e-01 7.46784087e-01
 1.43502038e-01 2.41767348e-01
 4.55671096e-01 2.08254352e-01
 1.60027476e-01 1.53946641e-01
 3.62929625e-01 3.42028931e-01
 3.93909628e-01 8.01465934e-01
 6.89014964e-01 5.22925072e-01
 7.06694965e-01 5.39537446e-01
 4.97847365e-01 1.57476151e-01
 5.52472971e-01 8.60599431e-01
 9.84490525e-01 6.91714927e-01
 1.57804532e-01 5.67693107e-01
 5.58577056e-01 5.65230899e-01
 9.78572808e-01 5.42698773e-02
 6.88812543e-01 8.70964625e-01
 4.37821502e-01 5.56562428e-01
 4.53292032e-01 1.18645544e-01
 2.41144538e-01 7.02670683e-01
 2.25821023e-01 1.60138903e-01
 7.98358023e-01 2.75334870e-01
 8.66427826e-01 5.19761984e-01
 6.43946653e-03 3.30764524e-01
 4.67623957e-01 4.58003907e-01
 9.82862602e-01 3.79218132e-01
 2.95151892e-01 9.43880075e-01
 9.33082715e-01 3.69705146e-01
 2.97032282e-01 2.68692766e-01
 4.62286531e-01 4.02443294e-01
 7.01120317e-01 4.29131480e-01
 5.13103830e-01 8.87022855e-01
 8.62449395e-01 4.48956056e-01
 3.97026533e-01 6.42608343e-01
 8.36870094e-01 6.38770321e-01
 4.52641280e-01 8.93452153e-01
 3.25837297e-01 2.33353294e-01
 1.00995137e-01 5.87509173e-01
 5.35379777e-01 3.17335418e-01
 7.87375916e-01 4.32596020e-01
 7.14412940e-01 2.65528086e-01
 6.33144683e-01 4.16207736e-01
 3.63565098e-01 5.96490716e-01
 6.26772861e-01 1.65669116e-03
 5.89691453e-01 3.42567940e-02
 4.48633212e-01 5.49074195e-01
 4.20083423e-01 2.57832051e-02
 3.93331185e-01 7.70498607e-02
 8.88045535e-01 4.93232760e-01
 6.16839376e-02 7.05558344e-02
 9.61152679e-01 2.72690591e-01
 6.65022454e-01 5.55885340e-01
 8.97436049e-01 1.98968440e-01
 1.86252039e-02 8.83757195e-02
 8.39093189e-01 7.52914084e-01
 2.26700819e-01 5.17044622e-01
 1.71536818e-01 8.07506185e-01
 6.40942909e-01 4.78542534e-01
 4.52400750e-01 6.43427440e-01
 3.03444607e-01 2.48120648e-01
 6.94177264e-01 9.24823858e-01
 7.70967395e-01 4.09365624e-01
 9.18271091e-01 9.90915670e-01
 5.51204064e-01 7.36581468e-01
 2.23406447e-01 2.14484343e-01
 2.53331029e-01 3.79430703e-01
 5.69938782e-01 8.06552477e-02
 5.24672631e-01 1.62788671e-01
 2.20985687e-01 5.14705900e-01
 8.51519029e-01 1.92711267e-01
 1.70054928e-01 1.00941959e-01
 2.92353758e-01 3.20771245e-01
 3.47276016e-01 3.63442305e-01
 4.13062317e-01 3.30848812e-01
 4.57982115e-01 8.23591543e-01
 6.16584710e-02 6.31400025e-01
 3.11198394e-01 3.57881786e-01
 5.13627579e-01 9.13422407e-01
 7.71601238e-01 2.41579914e-01
 1.26084548e-01 9.01338260e-01
 2.23719601e-01 1.17413084e-02
 2.71750270e-01 5.86224779e-01
 8.68929457e-01 6.91274802e-02
 8.37373435e-01 5.54997232e-01
 3.60323681e-01 5.48441022e-01
 4.51800637e-01 4.82903840e-01
 9.55386239e-01 6.77623529e-02
 7.67054447e-01 9.83800104e-01
 1.18664016e-01 3.94393605e-01
 1.54537536e-01 7.89474737e-01
 6.52254313e-02 5.88809675e-01
 1.19210577e-01 4.19756675e-02
 3.14079505e-01 3.76868794e-01
 7.81509386e-01 9.89031814e-01
 9.62607359e-02 3.44028408e-01
 6.23083316e-01 3.24223667e-02
 3.47251082e-01 2.51540242e-01
 7.65644330e-01 5.89424084e-01
 7.32544991e-01 1.99448113e-01
 4.11239418e-01 3.65336530e-01
 7.26759979e-01 3.68390669e-01
 3.44815308e-01 4.59214524e-01
 6.86462776e-01 7.64844224e-01
 1.40839108e-01 8.65769236e-01
 6.66212841e-01 1.27673668e-01
 8.70358426e-01 6.96939672e-01
 5.72595456e-01 9.12449486e-02
 6.22664802e-01 6.76763988e-01
 4.45525816e-01 9.06512253e-01
 3.69938468e-03 2.37646675e-01
 7.27556295e-03 2.76399298e-01
 3.43543765e-01 1.72531695e-01
 3.03118378e-01 2.29151324e-01
 2.16503944e-01 9.95319986e-01
 7.65976912e-01 9.49362298e-01
 4.86975700e-01 1.90339914e-01
 3.56587699e-01 8.24764151e-01
 2.40951571e-01 8.75628994e-01
 4.61821747e-01 9.12092696e-01
 3.38705974e-01 2.84179432e-01
 3.97465326e-01 3.98169228e-01
 8.45171702e-01 4.07459093e-01
 7.38579120e-01 6.86428167e-01
 2.25116817e-01 6.45055335e-01
 1.25784887e-01 3.78545675e-01
 8.25967666e-01 9.99563087e-01
 8.83504604e-01 3.71068075e-01
 9.14927848e-01 7.16991713e-01
 4.86665387e-02 8.93435436e-01
 1.38102669e-01 4.47732974e-01
 1.01454153e-01 4.71185162e-01
 4.22812590e-03 5.86318117e-01
 6.84288024e-01 4.04779771e-01
 8.73614727e-01 9.52086354e-01
 1.58267697e-02 6.68398802e-01
 5.69879914e-01 7.54060177e-01
 6.70814433e-01 7.78542216e-02
 9.33835483e-02 7.00477329e-01
 6.85597161e-01 1.96681508e-01
 1.79489150e-01 8.99308817e-01
 2.58730618e-03 6.50727652e-01
 1.12383666e-01 8.74115192e-01
 6.73667162e-01 7.59599583e-01
 8.90561530e-01 6.84534904e-01
 5.72613914e-01 4.02239954e-01
 6.03192745e-01 4.70604586e-01
 6.66882735e-01 3.39361931e-01
 9.78817638e-01 8.22595993e-01
 4.15504668e-01 8.66641428e-01
 5.01318279e-01 5.82116762e-01
 3.73053067e-02 1.42890333e-01
 9.14839611e-01 9.38869105e-01
 5.17543412e-01 9.46097622e-01
 7.87081058e-01 2.00824584e-01
 4.32435777e-01 9.04059345e-01
 1.95443260e-01 9.68529364e-01
 8.93341161e-01 1.68667414e-01
 6.81487478e-02 9.70358041e-01
 6.78935941e-01 9.09462282e-01
 7.49816090e-01 5.64034458e-01
 1.46379745e-01 7.86992985e-01
 6.67147508e-01 2.71115854e-01
 3.42066387e-01 2.45394334e-01
 5.36418067e-01 9.71034468e-01
 2.23079548e-01 5.11645479e-01
 3.09986339e-01 7.20105339e-01
 3.96887844e-01 5.94169737e-02
 4.81747344e-01 1.99507792e-01
 7.81137843e-02 3.15076802e-01
 9.05687848e-01 4.95479484e-01
 7.05458666e-01 8.04980261e-01
 8.98247408e-01 8.20645456e-01
 9.99716019e-01 9.47331913e-01
 1.59208850e-01 6.53520238e-01
 4.49301138e-01 2.30260094e-01
 9.87978914e-01 3.26641001e-01
 7.95989399e-01 6.00015107e-01
 7.47113978e-01 5.25831355e-01
 3.72058664e-01 8.74056879e-01
 5.54172798e-01 8.39876290e-01
 4.12862585e-01 1.56344393e-01
 2.32792246e-01 8.28491324e-01
 4.55432244e-01 4.52126393e-01
 6.02888942e-01 7.45393532e-01
 5.81725013e-01 4.17863979e-01
 5.92653270e-01 3.07208014e-01
 8.89349451e-02 9.82914135e-01
 3.18675523e-01 8.74911030e-01
 6.46874849e-01 8.48910922e-01
 7.20318084e-01 4.89675653e-01
 9.88243810e-01 2.52377648e-01
 7.38978596e-01 2.03685516e-01
 7.80931868e-01 5.30833985e-01
 1.73527394e-01 8.00938150e-01
 2.18294886e-01 3.62150586e-02
 5.06926892e-01 2.18861691e-01
 4.98879142e-01 6.09007063e-01
 2.12066033e-01 7.00237456e-01
 2.02473681e-01 3.99474440e-01
 2.15596164e-01 5.23634877e-01
 2.21407776e-01 5.14245815e-01
 1.01029255e-01 3.32961199e-01
 5.34823640e-01 2.53800023e-01
 6.04604784e-01 1.70111113e-01
 8.06912849e-01 1.37477808e-01
 8.02819685e-01 6.26074129e-01
 4.05882372e-01 6.90709532e-02
 5.06326329e-01 3.98424862e-01
 3.72004840e-01 5.92214853e-01
 6.89761057e-01 3.05026688e-01
 5.82978175e-01 9.13145273e-01
 1.40338970e-01 5.38307611e-01
 6.13480751e-01 9.02903622e-01
 3.18844613e-01 8.98374441e-01
 6.79907016e-01 7.38796647e-01
 5.08025146e-01 1.88214417e-01
 9.27330365e-01 6.96506505e-01
 7.11430220e-01 3.44836293e-01
 5.28416348e-01 8.13146947e-01
 6.43038698e-01 9.76642502e-01
 6.69405078e-01 3.45711281e-01
 4.55026102e-01 5.83339435e-01
