 0.00000000e+00 2.05430268e+00 0.00000000e+00
 2.56410256e-01 4.39342888e+00 0.00000000e+00
 5.12820513e-01 1.86611399e+00 0.00000000e+00
 7.69230769e-01 9.50857789e-01 0.00000000e+00
 1.02564103e+00 3.34290738e+00 0.00000000e+00
 1.28205128e+00 1.99231825e+00 0.00000000e+00
 1.53846154e+00 1.86610764e+00 0.00000000e+00
 1.79487179e+00 2.55500551e-01 0.00000000e+00
 2.05128205e+00 3.09688083e+00 0.00000000e+00
 2.30769231e+00 3.21290257e+00 0.00000000e+00
 2.56410256e+00 3.30421578e+00 0.00000000e+00
 2.82051282e+00 2.52889457e+00 0.00000000e+00
 3.07692308e+00 3.68780266e+00 0.00000000e+00
 3.33333333e+00 2.29676713e+00 0.00000000e+00
 3.58974359e+00 2.88863159e+00 0.00000000e+00
 3.84615385e+00 5.57596126e+00 0.00000000e+00
 4.10256410e+00 3.45792473e+00 0.00000000e+00
 4.35897436e+00 3.79526622e+00 0.00000000e+00
 4.61538462e+00 4.25906057e+00 0.00000000e+00
 4.87179487e+00 3.75329817e+00 0.00000000e+00
 5.12820513e+00 4.05937986e+00 0.00000000e+00
 5.38461538e+00 3.59939544e+00 0.00000000e+00
 5.64102564e+00 4.29121589e+00 0.00000000e+00
 5.89743590e+00 6.28504923e+00 0.00000000e+00
 6.15384615e+00 4.07909088e+00 0.00000000e+00
 6.41025641e+00 4.91960933e+00 0.00000000e+00
 6.66666667e+00 3.01944008e+00 0.00000000e+00
 6.92307692e+00 6.73522739e+00 0.00000000e+00
 7.17948718e+00 7.19084784e+00 0.00000000e+00
 7.43589744e+00 6.69221683e+00 0.00000000e+00
 7.69230769e+00 6.48068234e+00 0.00000000e+00
 7.94871795e+00 5.67704057e+00 0.00000000e+00
 8.20512821e+00 5.03745822e+00 0.00000000e+00
 8.46153846e+00 5.29490949e+00 0.00000000e+00
 8.71794872e+00 5.56420655e+00 0.00000000e+00
 8.97435897e+00 5.63897403e+00 0.00000000e+00
 9.23076923e+00 5.74391219e+00 0.00000000e+00
 9.48717949e+00 4.98317082e+00 0.00000000e+00
 9.74358974e+00 7.28068147e+00 0.00000000e+00
 1.00000000e+01 5.74390926e+00 0.00000000e+00
 0.00000000e+00 5.02920144e+00 1.00000000e+00
 2.56410256e-01 3.43681089e+00 1.00000000e+00
 5.12820513e-01 5.20735511e+00 1.00000000e+00
 7.69230769e-01 4.14410052e+00 1.00000000e+00
 1.02564103e+00 4.88621841e+00 1.00000000e+00
 1.28205128e+00 5.76588060e+00 1.00000000e+00
 1.53846154e+00 6.07260196e+00 1.00000000e+00
 1.79487179e+00 5.39532382e+00 1.00000000e+00
 2.05128205e+00 4.70712624e+00 1.00000000e+00
 2.30769231e+00 5.63681746e+00 1.00000000e+00
 2.56410256e+00 6.16119329e+00 1.00000000e+00
 2.82051282e+00 5.89821581e+00 1.00000000e+00
 3.07692308e+00 6.85705522e+00 1.00000000e+00
 3.33333333e+00 5.08999285e+00 1.00000000e+00
 3.58974359e+00 4.42580641e+00 1.00000000e+00
 3.84615385e+00 7.16216763e+00 1.00000000e+00
 4.10256410e+00 7.59274033e+00 1.00000000e+00
 4.35897436e+00 5.43755027e+00 1.00000000e+00
 4.61538462e+00 7.51852762e+00 1.00000000e+00
 4.87179487e+00 6.79950191e+00 1.00000000e+00
 5.12820513e+00 8.20051635e+00 1.00000000e+00
 5.38461538e+00 8.00901610e+00 1.00000000e+00
 5.64102564e+00 8.39055285e+00 1.00000000e+00
 5.89743590e+00 9.22112258e+00 1.00000000e+00
 6.15384615e+00 6.64810365e+00 1.00000000e+00
 6.41025641e+00 8.17921249e+00 1.00000000e+00
 6.66666667e+00 9.59085533e+00 1.00000000e+00
 6.92307692e+00 7.61248383e+00 1.00000000e+00
 7.17948718e+00 8.48229778e+00 1.00000000e+00
 7.43589744e+00 8.09242590e+00 1.00000000e+00
 7.69230769e+00 7.57063541e+00 1.00000000e+00
 7.94871795e+00 9.12540554e+00 1.00000000e+00
 8.20512821e+00 8.36375154e+00 1.00000000e+00
 8.46153846e+00 7.88450074e+00 1.00000000e+00
 8.71794872e+00 9.80128005e+00 1.00000000e+00
 8.97435897e+00 1.03273289e+01 1.00000000e+00
 9.23076923e+00 1.03239273e+01 1.00000000e+00
 9.48717949e+00 8.14121316e+00 1.00000000e+00
 9.74358974e+00 9.29234957e+00 1.00000000e+00
 1.00000000e+01 8.78854842e+00 1.00000000e+00
