 2.05430268e+00 0.00000000e+00
 4.39342888e+00 0.00000000e+00
 1.86611399e+00 0.00000000e+00
 9.50857789e-01 0.00000000e+00
 3.34290738e+00 0.00000000e+00
 1.99231825e+00 0.00000000e+00
 1.86610764e+00 0.00000000e+00
 2.55500551e-01 0.00000000e+00
 3.09688083e+00 0.00000000e+00
 3.21290257e+00 0.00000000e+00
 3.30421578e+00 0.00000000e+00
 2.52889457e+00 0.00000000e+00
 3.68780266e+00 0.00000000e+00
 2.29676713e+00 0.00000000e+00
 2.88863159e+00 0.00000000e+00
 5.57596126e+00 0.00000000e+00
 3.45792473e+00 0.00000000e+00
 3.79526622e+00 0.00000000e+00
 4.25906057e+00 0.00000000e+00
 3.75329817e+00 0.00000000e+00
 4.05937986e+00 0.00000000e+00
 3.59939544e+00 0.00000000e+00
 4.29121589e+00 0.00000000e+00
 6.28504923e+00 0.00000000e+00
 4.07909088e+00 0.00000000e+00
 4.91960933e+00 0.00000000e+00
 3.01944008e+00 0.00000000e+00
 6.73522739e+00 0.00000000e+00
 7.19084784e+00 0.00000000e+00
 6.69221683e+00 0.00000000e+00
 6.48068234e+00 0.00000000e+00
 5.67704057e+00 0.00000000e+00
 5.03745822e+00 0.00000000e+00
 5.29490949e+00 0.00000000e+00
 5.56420655e+00 0.00000000e+00
 5.63897403e+00 0.00000000e+00
 5.74391219e+00 0.00000000e+00
 4.98317082e+00 0.00000000e+00
 7.28068147e+00 0.00000000e+00
 5.74390926e+00 0.00000000e+00
 5.02920144e+00 1.00000000e+00
 3.43681089e+00 1.00000000e+00
 5.20735511e+00 1.00000000e+00
 4.14410052e+00 1.00000000e+00
 4.88621841e+00 1.00000000e+00
 5.76588060e+00 1.00000000e+00
 6.07260196e+00 1.00000000e+00
 5.39532382e+00 1.00000000e+00
 4.70712624e+00 1.00000000e+00
 5.63681746e+00 1.00000000e+00
 6.16119329e+00 1.00000000e+00
 5.89821581e+00 1.00000000e+00
 6.85705522e+00 1.00000000e+00
 5.08999285e+00 1.00000000e+00
 4.42580641e+00 1.00000000e+00
 7.16216763e+00 1.00000000e+00
 7.59274033e+00 1.00000000e+00
 5.43755027e+00 1.00000000e+00
 7.51852762e+00 1.00000000e+00
 6.79950191e+00 1.00000000e+00
 8.20051635e+00 1.00000000e+00
 8.00901610e+00 1.00000000e+00
 8.39055285e+00 1.00000000e+00
 9.22112258e+00 1.00000000e+00
 6.64810365e+00 1.00000000e+00
 8.17921249e+00 1.00000000e+00
 9.59085533e+00 1.00000000e+00
 7.61248383e+00 1.00000000e+00
 8.48229778e+00 1.00000000e+00
 8.09242590e+00 1.00000000e+00
 7.57063541e+00 1.00000000e+00
 9.12540554e+00 1.00000000e+00
 8.36375154e+00 1.00000000e+00
 7.88450074e+00 1.00000000e+00
 9.80128005e+00 1.00000000e+00
 1.03273289e+01 1.00000000e+00
 1.03239273e+01 1.00000000e+00
 8.14121316e+00 1.00000000e+00
 9.29234957e+00 1.00000000e+00
 8.78854842e+00 1.00000000e+00
